29.2	7.17	18.46
29.3	6.02	20.0
28.6	7.6	14.69
28.1	7.21	18.97
29.3	6.36	24.62
30.1	6.78	5.33
27.9	6.09	4.2
29.5	6.7	6.08
29.4	10.13	37.18
28.7	10.61	23.03
29.2	7.89	33.79
29.9	8.12	26.39
28.5	6.83	29.3
27.9	6.51	20.0
28.8	10.81	27.5
27.9	9.91	32.38
28.2	8.63	22.56
29.3	8.18	17.37
30.1	8.93	20.0
29.1	8.35	17.59
29.0	8.32	25.13
29.8	8.93	7.62
30.3	9.0	8.48
29.6	8.04	3.04
28.1	13.08	38.46
28.2	13.22	27.88
29.5	8.91	26.9
29.5	10.38	43.06
28.9	8.34	33.95
30.6	9.57	31.11
27.8	13.37	40.5
28.0	12.87	33.33
28.9	9.25	27.69
31.4	9.49	32.63
28.4	8.91	20.94
29.6	8.92	28.28
28.8	9.44	24.1
30.0	9.76	8.0
30.4	9.06	8.57
29.8	8.39	7.34
28.0	13.53	51.28
29.3	15.15	30.91
29.8	10.55	29.66
30.4	10.62	33.33
29.5	9.41	29.77
29.6	9.22	36.11
29.2	14.63	36.0
29.4	14.09	35.24
30.0	9.79	30.26
29.3	10.17	30.53
30.1	9.05	27.5
30.1	9.36	23.45
31.1	10.8	37.44
30.2	9.76	6.48
29.6	9.91	8.21
29.4	9.43	7.85
29.1	15.02	37.18
28.6	14.88	26.06
31.1	11.11	43.45
30.8	12.37	40.28
30.1	10.69	40.0
29.0	9.82	35.56
28.5	15.47	36.0
29.2	14.63	50.48
29.6	10.16	38.46
29.3	9.74	32.11
31.8	9.58	28.12
29.5	10.51	28.97
30.3	10.64	44.1
30.4	9.39	7.43
29.8	10.14	9.55
30.6	10.27	9.11
29.2	15.65	37.18
29.3	15.83	35.15
30.1	10.6	45.52
30.0	10.66	66.67
29.9	11.45	56.28
28.9	10.61	41.11
29.2	16.44	37.0
29.3	15.57	35.24
29.0	10.16	43.59
30.7	10.57	35.79
29.8	10.37	27.81
29.9	10.51	34.83
30.5	11.37	41.03
30.2	9.6	8.95
30.9	10.71	10.62
30.0	9.56	7.34
28.9	14.87	34.62
27.9	15.31	32.12
29.4	10.33	50.34
31.3	10.2	52.78
28.6	10.32	53.95
29.4	11.21	50.56
28.0	14.79	40.0
28.7	17.23	56.19
31.1	10.15	38.97
31.7	10.69	32.63
30.3	10.54	29.69
30.5	11.06	31.72
28.9	11.48	48.72
30.5	9.84	9.33
30.5	10.76	12.32
31.6	10.32	7.85
28.7	14.72	58.97
28.3	15.82	37.58
30.6	11.22	53.1
29.8	11.69	48.61
31.5	10.96	48.37
30.4	10.7	58.89
28.7	14.46	47.0
28.3	15.57	46.67
30.0	10.25	52.31
29.4	10.34	40.0
30.8	11.01	37.5
30.3	10.36	43.79
31.0	11.63	48.21
29.8	9.85	9.71
29.9	10.31	10.8
30.1	9.93	11.14
29.1	15.14	64.1
29.7	16.18	27.88
30.3	11.31	58.62
30.6	10.87	61.11
31.3	10.79	59.07
31.1	10.88	54.44
29.0	15.97	48.5
28.9	16.04	44.76
30.6	9.99	36.92
30.2	9.95	34.74
30.4	11.42	41.25
31.1	10.66	46.21
30.4	10.74	45.64
30.6	10.64	7.81
30.9	10.07	12.23
30.7	9.79	12.41
29.1	15.6	52.56
28.4	14.76	38.18
30.4	11.96	48.97
29.8	11.17	75.0
29.9	11.24	51.63
29.9	11.2	58.89
28.8	15.77	41.5
28.9	16.04	56.19
30.3	10.29	50.77
29.1	11.03	40.0
30.1	11.08	38.12
30.5	10.17	44.14
30.7	11.7	47.18
30.4	10.56	9.71
30.8	9.66	10.8
30.6	10.51	7.34
29.7	14.74	64.1
29.2	15.71	38.18
30.1	10.92	69.66
31.0	11.45	61.11
29.9	11.57	67.44
29.2	10.91	61.67
29.0	14.17	47.5
29.4	15.31	47.62
29.9	11.04	41.54
30.2	11.1	43.68
29.4	10.52	40.62
29.8	10.95	50.69
30.4	11.78	56.41
28.7	10.42	11.24
29.5	10.22	12.41
29.2	10.97	10.38
28.9	15.2	71.79
28.4	15.89	36.97
29.6	11.9	55.17
30.5	11.01	80.56
30.2	10.86	60.47
29.9	11.41	60.56
28.7	14.82	47.0
28.1	15.77	59.05
30.5	10.53	47.18
30.0	10.71	51.58
29.4	11.05	40.0
28.0	10.9	54.48
29.7	12.51	55.9
30.1	10.63	9.52
29.9	10.85	13.12
29.5	10.79	11.39
28.0	14.88	80.77
29.7	15.98	40.61
30.5	10.69	66.21
30.0	10.98	95.83
30.7	11.59	66.98
29.8	11.31	75.0
28.7	15.14	51.5
28.0	16.23	52.38
29.1	11.97	54.36
28.8	9.97	47.89
29.7	11.13	47.81
28.7	11.12	46.9
29.9	12.03	56.92
30.4	9.75	9.9
29.7	9.96	12.41
29.7	10.7	12.91
29.1	15.64	64.1
28.2	15.32	41.21
29.4	11.2	50.34
29.7	11.37	68.06
28.5	11.68	74.42
29.7	11.37	56.67
28.4	15.43	57.0
28.3	15.79	66.67
28.9	11.13	55.38
29.6	10.06	39.47
27.9	9.99	35.31
28.4	11.07	43.45
29.3	11.41	56.41
29.8	10.09	12.0
29.9	10.57	13.48
29.8	10.27	13.42
28.2	14.92	47.44
28.0	14.55	43.03
28.6	10.1	65.52
29.2	11.39	69.44
29.4	11.67	62.33
29.4	11.47	67.22
29.2	14.33	61.5
28.4	15.21	54.29
29.0	11.59	58.97
28.0	10.78	43.16
29.8	10.35	39.38
26.9	11.1	51.38
28.4	12.15	63.08
28.8	9.81	9.52
27.7	10.02	13.39
29.1	10.95	10.38
27.7	14.54	66.67
27.7	15.7	42.42
28.7	9.81	56.55
28.8	11.62	66.67
28.8	11.59	81.4
27.1	11.65	55.56
29.5	14.7	54.0
27.6	14.42	65.71
28.5	10.1	34.87
26.8	10.68	48.95
28.4	10.38	37.19
29.2	9.93	41.38
28.9	11.92	59.49
28.9	9.58	10.29
27.0	9.42	9.91
26.7	10.66	10.63
28.0	14.52	74.36
28.9	15.24	36.36
27.7	10.55	51.03
28.3	11.69	69.44
28.0	11.03	67.91
27.4	11.19	61.11
27.6	14.41	54.5
27.5	14.21	54.29
27.3	9.95	46.15
27.5	10.6	44.21
27.6	10.06	38.75
28.0	9.43	39.31
27.9	10.6	45.13
29.3	9.35	8.0
26.6	9.66	9.64
27.6	10.22	8.35
28.0	14.18	62.82
27.9	14.77	43.03
27.7	10.12	55.86
27.6	10.85	56.94
27.5	10.37	65.58
27.3	10.6	52.22
28.4	15.39	51.0
28.0	13.66	45.71
26.3	9.39	45.64
26.3	9.65	35.26
26.9	9.26	33.12
27.7	9.57	38.62
27.2	10.3	55.9
27.3	9.46	8.38
26.5	8.76	11.07
26.9	8.87	9.87
27.6	14.11	44.87
27.1	15.07	38.18
27.1	10.27	49.66
27.7	11.03	47.22
27.8	9.36	49.77
27.2	9.76	47.78
28.1	15.36	52.0
27.3	14.47	47.62
25.9	9.48	40.0
25.9	9.36	30.0
25.2	9.9	30.0
26.6	8.98	35.17
26.5	9.7	35.9
26.7	8.63	8.57
25.4	8.05	10.71
26.9	7.88	9.62
27.0	14.58	43.59
26.9	15.43	40.61
26.7	9.56	33.1
26.2	9.01	37.5
26.1	9.44	50.7
26.9	9.74	51.11
29.0	14.98	55.0
26.7	14.76	52.38
25.9	9.18	38.97
25.5	8.81	26.84
25.8	9.62	22.5
25.5	8.66	24.48
25.9	9.32	35.38
24.8	7.86	8.0
26.3	7.86	7.59
26.1	6.84	8.61
27.7	14.81	50.0
27.5	14.7	27.88
26.3	9.52	36.55
26.0	8.57	50.0
26.1	9.7	49.3
24.6	9.02	38.33
27.1	14.88	40.0
27.5	14.49	39.05
24.6	8.67	31.79
24.4	7.95	20.53
24.3	7.67	19.06
25.8	8.26	32.76
25.7	8.45	27.18
24.9	8.03	3.24
26.3	6.23	7.5
24.9	6.85	7.34
28.1	13.85	37.18
26.8	13.75	32.12
25.6	9.21	33.1
25.5	8.2	45.83
25.9	8.51	37.21
26.2	8.26	35.0
26.6	13.93	49.0
27.5	13.97	43.81
24.7	8.21	20.0
25.3	7.32	15.26
24.5	6.69	18.44
23.5	7.57	21.38
23.9	8.11	23.08
25.1	7.19	5.9
24.7	6.13	5.18
25.4	6.94	4.05
27.7	13.46	37.18
25.9	12.98	33.94
25.2	8.17	18.62
25.1	8.04	25.0
23.5	8.01	31.16
24.2	7.98	26.67
25.9	13.62	37.5
27.6	13.25	35.24
23.7	6.09	22.05
23.6	5.99	14.21
23.1	6.64	11.56
24.6	6.7	17.24
24.7	6.97	15.9
23.8	6.59	4.0
24.1	6.96	4.91
23.4	5.75	5.32
26.5	12.97	50.0
27.0	12.39	20.0
23.3	7.43	26.9
22.3	7.04	27.78
24.7	7.71	28.84
25.1	7.43	22.78
26.9	12.95	36.5
26.0	12.48	36.19
23.6	5.45	12.82
22.6	5.61	10.0
23.4	5.1	9.38
23.2	5.7	15.17
23.5	6.01	17.44
23.2	5.32	2.29
24.5	5.72	4.11
23.4	5.16	2.28
27.0	12.6	30.77
26.9	11.73	23.03
22.7	5.81	15.17
23.2	6.6	29.17
23.4	6.79	20.93
22.8	6.32	19.44
26.5	12.86	24.5
26.3	12.33	22.86
22.4	5.01	7.18
23.5	4.16	11.05
23.7	4.61	9.06
22.0	5.08	13.79
22.9	4.86	13.33
23.6	4.76	3.05
23.0	5.04	2.95
23.8	4.84	3.29
25.9	11.78	34.62
25.6	11.31	15.76
24.0	4.92	15.86
23.8	4.68	23.61
23.3	6.22	17.21
23.5	5.74	17.78
26.8	12.28	27.0
25.9	12.0	20.95
22.1	4.84	6.67
23.1	3.43	6.32
22.0	4.87	8.12
21.7	4.64	8.97
21.9	4.07	5.64
23.1	3.85	3.62
22.2	4.24	2.32
23.0	4.4	1.27
25.3	11.78	16.67
26.2	10.52	18.79
22.9	4.75	7.59
19.9	4.7	12.5
23.1	5.83	11.63
22.7	4.83	10.0
26.8	11.49	23.5
25.6	11.5	26.67
23.0	4.68	8.21
22.1	3.07	4.21
23.1	3.44	3.12
21.4	3.03	5.52
21.8	4.0	5.13
22.7	3.68	1.9
21.1	3.93	2.41
20.9	2.89	0.51
26.4	11.37	20.51
27.0	10.59	18.18
20.9	4.18	9.66
22.8	3.79	11.11
21.7	4.41	12.56
21.6	4.53	6.67
26.7	9.94	16.0
26.8	10.47	20.0
22.4	4.59	4.62
22.7	3.86	5.79
21.7	2.56	3.12
22.1	3.44	4.48
21.0	3.38	6.67
21.5	3.37	1.71
21.6	3.74	1.16
21.9	3.58	2.28
26.2	10.32	15.38
26.0	9.66	12.73
22.2	3.31	8.97
21.6	3.48	2.78
22.5	4.35	6.51
21.2	3.91	7.78
26.0	9.34	16.5
26.9	9.62	20.0
19.7	3.44	5.13
20.8	3.16	3.16
20.2	2.54	5.0
21.6	3.44	3.45
20.9	3.64	4.62
19.9	2.78	0.38
21.1	3.06	1.07
21.4	2.65	0.51
27.1	10.18	24.36
25.8	9.31	16.36
21.7	4.25	2.07
22.1	3.41	4.17
21.7	3.9	7.91
21.4	3.24	7.22
25.9	9.5	19.5
25.0	8.84	7.62
21.2	3.2	5.13
21.4	2.88	3.68
21.9	2.72	2.5
21.1	2.44	4.83
21.0	2.22	4.1
20.7	2.81	0.95
21.1	2.49	1.43
21.0	3.41	1.01
24.8	8.88	10.26
25.9	8.94	10.3
21.6	3.15	4.14
21.6	3.45	4.17
20.6	3.32	2.79
21.5	4.03	2.78
25.4	8.7	15.0
25.7	8.73	16.19
21.3	3.48	3.59
20.3	2.43	3.16
20.5	2.4	3.12
20.0	2.53	3.1
22.3	2.15	2.56
21.3	2.01	0.19
21.7	2.37	1.34
19.7	2.79	0.51
25.3	9.26	8.97
26.1	8.24	10.91
20.6	3.45	4.83
20.2	3.26	4.17
21.1	4.77	3.26
21.5	3.55	5.56
26.5	9.36	11.0
25.6	8.82	14.29
20.9	3.32	1.54
20.2	2.81	3.68
22.9	2.12	2.81
21.9	2.08	1.72
21.8	2.79	1.54
20.3	1.9	0.57
20.9	2.07	0.98
21.1	1.41	0.51
26.5	8.33	11.54
25.0	8.15	8.48
20.2	3.77	3.45
20.4	3.16	1.39
19.6	4.08	1.86
21.3	3.49	2.22
25.1	9.6	9.0
25.4	8.9	10.48
21.1	3.23	1.54
20.0	2.43	1.05
19.8	2.88	0.31
20.4	2.48	2.76
19.8	2.82	1.03
20.6	1.86	0.57
19.8	2.08	0.8
20.2	1.58	1.01
25.9	8.74	12.82
26.3	7.41	6.06
21.3	2.78	2.07
21.3	2.76	6.94
20.8	2.99	0.47
20.7	3.78	3.33
26.1	9.09	8.0
25.5	8.49	8.57
21.1	2.24	3.08
19.6	2.75	0.53
21.5	3.52	1.25
21.6	1.69	1.03
21.4	2.34	2.05
20.2	2.65	0.95
22.0	1.41	0.62
20.0	1.99	0.0
26.0	9.03	8.97
25.6	7.2	4.24
19.9	3.51	1.38
20.5	2.33	1.39
21.0	3.05	1.86
20.1	3.31	1.11
25.3	9.51	8.0
26.8	7.91	8.57
21.2	2.29	0.0
21.6	2.41	0.53
20.7	2.93	0.62
20.5	1.97	0.34
21.4	2.74	1.03
22.7	1.99	0.38
20.9	1.02	0.8
19.6	1.78	1.27
24.8	8.03	7.69
25.3	7.48	4.24
20.4	2.9	0.0
21.0	2.73	0.0
20.8	2.84	0.93
22.1	3.15	0.56
25.9	8.26	8.0
26.4	7.92	7.62
22.3	2.81	0.0
21.4	2.68	1.05
22.1	2.86	1.25
21.4	2.27	1.72
22.0	2.02	1.03
21.4	2.47	0.38
22.2	2.08	0.18
21.4	1.63	0.51
26.1	8.68	7.69
26.1	7.1	4.24
20.9	2.45	0.0
20.1	2.5	0.0
20.1	2.08	0.93
22.0	3.48	0.56
26.9	7.97	10.0
25.6	8.16	6.67
21.9	2.47	0.0
22.0	2.87	0.0
21.2	2.3	1.56
22.0	1.92	1.03
21.4	2.7	0.51
21.6	1.73	0.38
21.3	3.11	0.27
20.5	1.84	0.25
26.0	8.78	6.41
25.3	7.96	1.82
21.3	2.57	0.69
21.3	3.5	0.0
20.7	2.76	0.0
21.5	3.32	2.22
25.4	8.5	4.0
26.8	7.14	9.52
21.5	2.33	0.51
22.3	2.64	0.0
21.8	2.74	0.31
21.7	2.23	0.0
22.4	2.77	0.51
21.1	1.47	0.38
21.1	2.94	0.45
21.1	1.21	0.0
27.6	8.16	12.82
27.4	7.04	6.06
22.3	2.83	0.0
19.7	3.08	2.78
20.4	3.45	1.4
21.1	2.92	0.0
26.4	7.95	6.5
27.1	8.59	2.86
21.8	2.93	0.0
21.7	2.5	0.53
22.3	2.59	0.94
21.1	3.07	0.69
21.2	2.6	0.51
22.1	3.15	0.0
22.2	2.79	0.45
23.5	1.19	0.51
26.1	7.97	6.41
26.4	7.18	4.85
21.3	2.51	0.0
23.3	3.14	0.0
22.0	3.43	0.93
20.7	3.13	0.56
25.1	7.48	5.5
26.7	8.57	11.43
23.4	2.98	0.51
21.8	3.26	0.53
22.9	3.12	0.94
24.2	2.92	0.34
21.1	2.84	0.51
21.8	2.56	0.0
23.1	2.69	0.0
22.3	1.4	0.25
25.8	7.63	7.69
25.6	7.42	6.67
23.2	3.67	1.38
21.7	3.31	1.39
22.7	3.65	0.0
22.5	3.17	0.56
26.4	7.46	9.5
27.0	8.66	6.67
23.0	2.67	1.03
21.1	3.37	0.53
21.9	2.67	1.25
23.3	2.48	0.69
23.3	3.39	0.0
21.8	2.76	0.19
22.0	2.04	0.27
21.7	2.18	0.25
24.4	7.84	7.69
25.5	8.73	6.67
21.7	3.49	0.69
22.6	3.03	1.39
22.7	3.28	1.4
22.8	3.57	0.56
27.5	7.62	3.5
25.9	8.59	2.86
21.6	2.4	0.0
23.5	2.21	0.53
22.7	1.81	2.19
24.2	2.74	0.34
24.0	3.36	1.54
21.8	1.83	0.19
21.5	1.86	0.54
22.5	2.24	0.0
27.2	7.8	16.67
26.4	8.75	9.09
23.0	3.45	1.38
22.5	3.36	1.39
22.1	3.56	0.93
23.4	2.98	0.0
25.5	7.45	7.5
26.1	8.73	4.76
22.5	2.84	1.54
23.5	2.64	1.58
24.0	3.13	0.94
23.6	2.26	1.03
24.5	3.2	1.54
24.0	2.1	0.38
23.4	2.18	0.89
23.9	2.07	0.25
25.8	8.71	7.69
26.7	8.93	5.45
24.5	3.78	1.38
24.9	2.76	0.0
24.8	3.62	0.47
25.0	2.33	2.22
25.5	8.32	8.5
27.5	8.27	6.67
25.0	2.2	0.51
23.7	3.42	0.0
23.5	3.02	0.94
25.2	2.77	1.38
23.9	3.4	1.54
23.5	2.64	0.38
23.4	1.59	1.07
23.6	2.63	0.51
26.9	8.58	11.54
26.3	8.5	3.64
23.8	3.03	1.38
23.6	3.32	4.17
24.4	2.9	0.0
24.3	2.6	0.56
26.3	8.97	8.0
25.6	8.14	6.67
24.8	2.83	1.54
25.2	3.48	2.63
24.2	3.97	1.25
24.5	2.37	0.69
24.5	3.08	1.03
24.1	2.3	0.57
22.1	2.8	0.8
24.3	2.87	0.51
25.5	9.56	6.41
28.3	9.17	5.45
25.2	3.82	2.07
25.5	2.75	2.78
25.4	3.39	0.93
24.4	2.87	2.22
26.8	7.76	9.0
27.2	9.15	5.71
24.5	3.43	2.56
24.6	2.61	2.11
25.7	2.73	1.87
24.3	2.56	1.38
23.9	3.8	1.03
25.3	3.12	0.76
25.9	2.88	0.54
25.0	2.01	0.76
26.8	9.36	14.1
28.1	8.37	9.7
24.7	3.69	0.0
24.9	3.21	2.78
24.7	3.07	2.33
25.4	2.82	1.11
27.2	8.25	11.0
27.2	9.29	12.38
25.8	4.33	2.05
26.0	3.09	2.11
25.3	3.4	2.19
25.0	2.85	2.76
25.6	4.4	2.56
25.6	2.09	0.76
25.6	3.02	1.16
24.9	2.03	1.01
26.9	9.3	11.54
27.3	8.16	7.88
25.5	3.89	4.14
25.1	3.18	1.39
24.1	3.31	4.19
25.6	3.65	2.78
26.8	8.65	9.5
27.4	9.47	13.33
25.0	4.08	3.08
25.5	3.27	1.58
25.2	3.78	1.56
25.7	3.24	3.79
26.6	3.54	5.64
27.1	3.35	0.95
25.3	3.27	1.34
24.7	2.57	1.52
28.6	9.46	14.1
27.4	9.83	9.09
26.9	4.42	3.45
25.0	4.67	5.56
25.9	3.11	3.72
25.1	3.82	2.22
27.4	9.21	8.5
27.4	9.44	13.33
25.9	4.06	3.08
26.0	3.64	2.11
25.0	2.56	3.75
25.6	4.36	3.45
25.3	4.32	6.67
26.1	2.72	0.95
26.4	2.56	1.25
25.9	1.89	0.76
28.0	9.35	16.67
27.4	9.91	9.7
27.3	4.31	4.14
26.2	4.77	4.17
26.1	4.35	7.91
26.2	4.31	3.89
28.0	10.12	8.5
27.1	10.43	9.52
26.0	4.84	5.64
26.4	3.95	4.74
27.2	3.72	3.44
27.7	3.45	3.45
26.9	5.09	3.08
26.9	4.11	0.76
27.1	3.52	1.34
26.2	3.65	0.25
26.8	9.19	10.26
28.7	10.48	10.91
26.3	5.33	6.9
26.1	4.62	4.17
27.1	5.27	4.65
25.8	4.49	2.22
28.2	9.92	14.0
27.0	10.12	20.0
27.9	5.33	6.67
28.0	3.93	1.58
27.3	3.6	2.5
27.3	3.24	3.45
28.1	4.97	7.18
26.5	5.21	0.76
26.0	4.37	1.52
27.1	3.4	0.51
27.2	10.72	11.54
27.4	10.76	14.55
27.2	5.43	6.9
27.5	5.84	4.17
26.7	5.97	4.65
28.6	4.72	3.89
25.8	10.46	12.5
28.4	10.71	19.05
27.1	5.36	6.15
27.5	4.81	5.79
29.2	3.83	5.31
27.2	4.82	6.9
27.8	6.25	8.21
26.6	4.92	1.52
27.0	4.03	1.7
27.7	4.69	2.03
27.9	11.32	16.67
25.9	10.8	10.91
26.8	5.81	7.59
26.5	5.2	8.33
27.3	5.87	10.23
28.0	5.49	10.0
28.7	10.45	13.0
28.1	11.67	12.38
29.7	5.31	13.33
27.9	4.85	6.32
29.0	4.97	9.06
29.3	5.41	13.45
29.0	5.67	10.26
30.3	5.59	3.62
28.3	4.19	3.75
29.5	4.57	3.54
29.2	11.51	34.62
29.3	10.58	16.97
29.2	5.39	11.03
29.2	4.95	20.83
29.3	5.8	16.28
29.1	6.28	13.33
28.9	10.52	20.0
28.5	11.97	26.67
28.9	7.32	13.33
29.9	5.5	20.0
29.7	5.57	13.44
29.4	5.81	15.52
29.3	7.27	20.51
31.0	4.73	3.05
30.0	4.82	5.09
30.7	5.41	4.81
28.3	11.86	28.21
29.0	10.55	30.3
29.3	6.44	18.62
30.2	5.72	19.44
28.8	6.73	20.93
29.0	5.43	27.78
29.5	11.84	31.0
28.4	12.14	34.29
29.8	6.95	22.05
28.0	6.69	18.42
29.3	6.66	18.12
29.9	6.17	20.69
29.7	6.93	23.08
30.0	5.0	4.38
29.2	4.53	5.71
29.0	5.92	5.06
30.0	12.07	35.9
29.5	11.76	28.48
28.4	6.74	23.45
29.7	7.18	26.39
28.3	7.62	29.77
29.6	6.5	28.89
29.2	12.11	28.0
29.3	12.02	34.29
30.6	7.24	27.18
30.2	7.08	17.89
29.8	7.63	24.38
29.5	6.72	24.14
29.2	7.4	29.74
30.2	7.02	6.29
30.1	6.27	5.71
29.6	6.52	5.06
29.4	11.62	47.44
28.8	12.66	21.82
29.8	7.51	34.48
30.4	7.8	50.0
30.3	8.52	33.49
30.6	7.09	29.44
29.3	12.94	33.0
28.8	12.02	33.33
30.3	7.63	25.13
28.6	7.35	24.21
29.2	8.2	26.56
28.1	8.17	23.45
28.5	8.05	30.26
30.5	7.91	9.52
29.4	7.11	8.3
30.6	7.32	7.09
28.7	11.91	46.15
28.9	13.06	28.48
29.7	8.11	35.86
29.4	8.69	38.89
30.4	8.46	34.88
29.5	8.36	34.44
28.8	13.16	35.5
29.0	12.87	43.81
29.8	9.04	34.87
29.9	7.75	26.84
30.6	8.65	29.69
29.5	8.47	29.66
29.8	8.66	38.97
30.4	7.69	8.38
31.2	8.49	7.77
30.8	8.27	6.58
29.0	13.52	55.13
28.0	13.7	32.12
28.9	9.55	36.55
31.0	8.68	47.22
29.6	8.0	39.53
30.0	9.1	37.22
29.0	14.33	41.0
28.4	14.77	48.57
30.4	10.2	22.56
29.7	8.44	29.47
28.7	8.57	30.0
29.4	8.81	32.41
29.5	9.1	38.97
30.5	8.35	7.43
30.2	9.25	9.02
29.6	8.99	6.08
29.9	14.25	47.44
29.2	13.93	39.39
30.5	9.95	37.93
28.9	9.77	51.39
29.9	9.39	46.98
29.5	8.96	59.44
27.4	13.81	47.5
27.8	14.78	42.86
29.4	10.25	38.97
30.1	9.05	33.68
28.2	9.99	34.38
30.4	9.26	31.03
29.5	10.07	34.36
28.9	8.87	8.57
29.0	9.56	8.48
29.3	9.49	7.85
29.6	14.81	43.59
28.7	13.72	28.48
30.2	9.78	46.21
29.5	10.59	65.28
28.9	9.67	53.49
30.6	9.45	39.44
28.2	13.51	47.0
28.0	14.99	36.19
28.2	9.92	36.92
30.7	9.29	34.21
28.9	9.69	28.75
29.0	9.22	35.17
29.3	10.66	40.51
30.7	9.54	8.57
29.2	9.53	8.93
28.7	9.02	11.39
29.0	15.56	57.69
28.8	14.69	29.09
29.8	9.99	42.76
29.5	11.33	48.61
28.6	10.67	52.56
29.4	9.48	53.33
26.9	13.55	44.5
28.8	14.39	46.67
29.4	10.09	38.46
28.1	8.81	30.53
28.5	9.78	29.69
29.2	9.76	30.34
28.6	9.89	40.51
29.1	9.28	6.86
29.4	9.03	12.32
29.6	9.54	8.86
27.6	14.74	51.28
29.4	14.48	29.7
29.4	10.43	46.21
28.7	10.0	41.67
29.3	9.89	47.91
28.9	9.75	48.89
28.2	13.68	34.5
28.1	14.9	37.14
29.3	11.09	33.33
28.3	9.12	31.58
29.0	8.7	34.69
27.3	9.92	37.59
28.1	9.45	41.54
28.7	9.19	8.76
28.2	8.56	8.12
28.0	9.7	8.61
28.6	14.56	60.26
27.7	14.42	35.15
29.7	10.43	48.97
28.5	9.94	50.0
29.2	8.85	51.63
28.3	10.46	49.44
28.5	13.69	49.0
28.5	14.24	26.67
27.0	10.21	31.28
26.9	9.7	31.05
27.5	8.84	21.25
28.0	10.28	44.14
26.7	8.98	35.9
28.9	8.93	6.1
28.5	9.17	8.84
28.7	8.46	6.33
27.2	15.06	62.82
28.4	15.0	29.7
28.5	10.59	40.69
28.9	10.07	51.39
28.0	9.55	51.63
29.2	9.55	50.0
28.5	13.37	33.5
28.1	14.97	46.67
26.6	9.25	34.87
27.5	10.06	23.16
26.9	8.6	21.56
27.3	9.51	27.59
26.7	8.47	35.38
27.1	8.36	6.29
27.1	8.3	9.91
26.1	8.17	8.35
27.3	14.14	51.28
28.4	14.62	32.73
28.0	10.59	34.48
26.2	9.62	58.33
28.6	9.32	33.49
27.1	8.88	41.11
27.8	13.81	32.0
27.6	14.07	38.1
27.9	9.02	30.77
28.0	9.42	31.58
25.3	8.6	24.06
27.6	8.09	27.59
26.6	8.81	26.67
27.9	9.39	9.71
26.7	8.11	7.5
27.9	7.96	6.84
27.5	14.59	28.21
27.7	13.95	26.67
28.2	9.26	40.69
27.2	9.4	50.0
26.9	8.83	40.0
27.8	8.77	39.44
28.3	13.97	30.0
27.8	13.71	28.57
25.9	8.8	25.64
26.5	8.03	22.63
26.9	8.03	20.62
27.6	7.34	21.03
26.6	8.05	27.69
26.1	8.36	7.05
27.5	8.97	6.16
28.0	7.77	6.33
27.4	13.0	42.31
26.0	13.68	23.03
26.7	9.17	43.45
26.9	8.82	34.72
26.5	9.07	38.14
26.7	8.71	29.44
27.1	13.14	24.0
27.9	12.85	25.71
25.6	7.92	25.13
26.7	8.11	17.89
26.1	7.67	16.88
25.5	8.12	24.83
26.6	7.2	23.59
25.3	8.09	6.29
25.2	8.88	5.89
26.1	6.99	5.06
27.7	12.62	32.05
27.7	13.25	28.48
25.7	8.7	28.28
26.1	8.02	36.11
26.7	7.87	33.02
25.4	8.32	32.78
27.7	13.37	29.5
27.2	13.25	42.86
25.9	7.86	18.97
26.2	7.15	22.63
25.7	7.48	13.75
23.9	8.22	17.93
25.5	7.56	15.38
25.4	7.06	3.62
25.3	7.73	5.09
24.5	6.55	4.56
28.7	12.64	47.44
27.4	13.3	18.18
24.8	7.73	31.03
25.3	7.15	19.44
25.8	7.68	20.0
25.5	8.69	35.0
27.3	12.4	23.0
27.5	12.1	31.43
25.7	6.57	21.54
25.6	7.08	16.32
24.9	7.28	16.56
25.8	7.64	17.24
24.7	7.41	22.56
25.7	5.44	4.0
24.9	6.82	4.73
24.8	6.32	4.05
27.8	12.81	30.77
27.0	12.56	12.12
25.7	8.0	23.45
24.2	8.07	27.78
25.4	7.39	21.4
25.2	6.98	23.33
26.5	12.65	26.5
27.3	12.66	27.62
23.9	6.11	14.36
25.9	6.77	14.21
24.5	7.33	10.0
24.6	7.02	16.55
25.0	6.87	13.85
25.2	5.47	3.24
23.3	5.88	3.57
24.6	5.93	5.06
27.4	12.34	30.77
26.9	12.62	13.33
23.6	6.81	18.62
24.1	8.05	18.06
24.5	7.06	26.51
24.4	6.61	22.78
26.8	11.9	27.5
26.7	12.46	25.71
23.7	5.97	10.77
22.9	5.73	12.63
24.3	6.49	12.19
23.0	6.6	11.38
23.3	5.91	11.28
24.2	4.4	3.81
23.5	5.57	3.39
24.4	3.86	2.53
27.4	11.45	11.54
27.1	11.1	16.36
23.6	6.28	12.41
24.6	6.51	19.44
24.2	6.2	14.88
24.2	6.55	15.56
26.1	11.37	19.0
27.9	11.94	23.81
24.0	5.19	10.77
23.3	6.04	5.26
22.7	5.82	9.06
22.9	5.08	11.03
22.6	4.8	14.87
23.7	4.02	3.05
23.1	5.03	2.23
22.3	3.91	2.28
26.8	11.34	30.77
26.6	10.86	13.33
23.3	5.29	9.66
22.1	6.19	11.11
23.8	6.12	12.56
22.7	5.49	13.89
26.0	11.98	23.0
26.8	12.55	19.05
22.2	5.03	11.79
22.7	5.25	7.89
22.5	4.57	8.12
24.2	4.57	7.59
22.1	4.71	7.18
23.2	3.77	2.67
21.9	4.35	1.52
24.6	3.45	1.27
26.6	11.0	29.49
26.7	10.66	19.39
23.0	4.64	11.72
22.9	5.15	13.89
22.6	6.19	8.37
22.2	5.24	12.78
27.0	11.69	17.5
26.2	11.15	18.1
22.0	4.52	5.64
23.4	3.53	6.84
21.6	3.98	4.06
23.4	3.81	10.34
21.8	3.88	11.28
20.8	4.11	2.1
21.4	2.67	1.07
21.2	2.8	1.52
25.9	11.63	26.92
26.0	10.55	9.7
22.0	3.56	10.34
23.7	3.86	5.56
22.1	4.38	10.7
22.3	4.66	12.22
25.4	11.14	21.0
26.5	10.89	18.1
20.8	3.51	8.72
22.1	2.79	5.26
21.3	3.21	3.75
22.6	3.58	5.86
21.4	3.12	4.62
21.1	2.21	0.76
22.9	2.19	1.16
21.9	2.04	1.77
26.0	11.04	33.33
26.2	10.46	12.12
20.6	3.8	6.9
21.2	3.88	13.89
22.8	3.77	9.3
22.8	4.32	8.33
26.9	9.97	20.0
26.6	10.56	17.14
21.4	3.61	6.15
21.9	2.97	4.21
22.0	2.84	5.94
22.0	3.35	4.14
21.9	3.76	3.59
20.8	1.61	0.95
21.4	2.39	1.34
20.6	2.65	1.01
25.6	10.38	25.64
24.8	10.16	13.94
20.7	2.99	8.28
22.7	3.5	9.72
21.5	2.91	5.12
21.8	4.29	10.0
25.4	10.31	11.5
26.3	9.66	14.29
20.6	3.45	4.62
20.3	3.61	2.63
21.3	3.38	5.0
20.9	3.57	3.79
20.7	3.22	3.08
21.7	3.11	0.76
20.4	3.08	1.7
20.9	2.16	1.77
26.5	9.66	20.51
26.5	10.91	10.91
21.1	2.4	6.21
21.4	4.36	8.33
21.9	3.22	7.91
20.9	4.03	5.0
25.7	9.6	13.0
26.4	9.05	17.14
20.9	2.63	4.62
20.5	3.52	7.37
20.3	2.8	3.44
21.0	2.75	4.48
21.1	2.97	6.15
20.9	1.89	1.14
20.7	2.18	1.61
19.4	2.01	0.51
26.6	8.66	10.26
25.1	9.72	6.06
19.1	2.94	6.9
20.0	3.45	8.33
20.8	2.69	4.19
22.5	3.35	6.67
26.8	8.39	13.0
25.2	9.01	12.38
21.0	2.51	3.08
19.8	3.11	5.26
21.0	3.1	3.12
20.2	2.48	3.1
20.7	3.36	2.56
20.3	1.83	1.14
21.3	1.41	1.7
18.9	2.39	0.76
25.9	7.96	17.95
25.4	9.34	7.88
21.9	3.04	4.14
19.8	2.68	1.39
19.7	2.91	5.12
21.4	3.45	3.33
25.7	9.1	8.0
25.9	8.77	11.43
21.7	3.33	3.59
21.2	3.14	3.16
19.5	2.83	2.5
20.2	3.29	3.79
20.9	3.52	2.56
21.0	1.52	0.19
20.4	2.67	1.07
20.2	2.25	1.77
26.3	8.57	12.82
26.7	8.87	6.06
19.3	3.79	2.76
19.0	3.15	4.17
20.3	2.98	7.91
20.1	2.79	5.0
25.2	8.92	10.0
26.0	9.3	9.52
20.7	2.4	5.13
19.9	2.65	3.68
20.3	3.4	2.5
20.9	3.13	1.38
19.9	3.49	2.56
22.2	1.42	1.33
20.0	2.22	0.27
19.7	2.03	0.76
25.6	8.62	5.13
26.0	8.1	6.67
20.1	4.02	3.45
20.3	3.07	5.56
19.7	3.01	2.33
20.5	2.65	0.56
24.7	8.19	11.5
24.5	8.27	7.62
19.7	3.78	1.54
20.2	2.9	3.16
20.3	2.71	2.81
20.7	3.42	3.45
20.4	3.34	2.05
19.4	1.56	0.19
20.6	2.85	0.36
20.2	3.11	0.25
25.8	8.96	8.97
25.3	8.53	4.85
19.3	3.83	0.69
19.9	3.4	1.39
20.7	3.29	4.19
20.2	2.53	5.0
25.4	7.66	9.0
25.0	8.15	9.52
20.6	2.03	3.59
19.6	2.8	1.05
20.6	3.07	0.62
20.8	3.14	1.38
20.9	2.91	1.03
20.1	1.55	0.57
19.1	3.33	0.8
18.5	2.7	1.01
24.4	8.11	6.41
25.7	7.96	9.7
20.7	3.38	2.76
20.6	2.73	4.17
20.1	3.46	2.79
20.0	3.44	1.67
25.8	7.27	8.0
25.8	8.15	8.57
20.3	2.75	1.54
21.2	3.57	1.58
19.5	2.43	1.87
20.1	2.95	2.76
20.1	2.4	4.62
19.6	2.11	0.38
20.3	2.27	0.89
19.8	3.12	0.51
25.8	7.73	11.54
25.9	7.82	4.24
20.7	3.62	3.45
20.3	3.66	1.39
19.4	2.92	1.86
19.8	3.52	0.0
25.9	6.37	8.0
25.8	7.37	10.48
19.8	2.47	0.0
19.9	3.42	1.58
21.0	3.14	0.94
20.7	2.37	1.72
19.9	2.62	0.51
20.0	1.85	0.0
21.0	2.62	0.45
20.6	2.59	0.0
25.0	7.88	2.56
25.7	7.34	3.64
19.2	3.52	2.76
21.0	3.11	0.0
20.4	3.3	0.93
19.3	3.22	0.0
25.2	6.52	10.0
25.4	7.97	6.67
21.1	3.06	1.03
19.8	2.45	0.53
20.0	3.1	0.31
20.2	3.03	0.69
19.8	2.41	1.03
20.0	1.51	0.19
19.8	2.61	0.45
20.5	2.32	0.25
26.2	8.22	7.69
25.6	7.89	7.27
19.9	2.55	0.69
21.3	2.87	0.0
20.5	2.93	1.86
20.1	3.33	1.11
25.5	6.32	5.0
26.0	7.52	7.62
20.7	3.72	1.03
19.8	2.43	0.53
20.2	2.87	0.62
22.2	3.02	0.0
20.6	2.58	0.51
20.4	1.81	0.38
21.2	2.76	0.18
20.0	1.44	0.51
25.1	7.65	7.69
25.6	7.3	6.67
20.3	3.24	0.0
19.2	2.59	0.0
21.7	3.9	0.93
21.4	3.3	0.0
23.8	6.47	5.5
25.9	8.46	5.71
21.2	3.66	1.54
21.1	3.14	0.53
21.5	2.99	0.62
21.3	2.74	1.38
21.2	3.18	1.03
21.8	2.12	0.0
20.9	2.36	0.18
21.5	2.63	1.01
25.7	6.51	5.13
26.7	6.91	3.64
21.1	1.7	0.0
21.1	3.2	0.0
21.1	3.9	0.47
21.1	3.04	0.56
25.4	6.92	4.0
25.7	8.47	8.57
21.2	3.45	1.03
22.0	2.51	0.53
21.5	2.51	0.31
20.2	3.38	1.03
21.3	3.62	1.03
21.5	2.02	0.19
20.1	2.07	0.54
22.0	1.77	0.25
25.4	7.14	8.97
26.3	6.24	6.67
21.0	3.2	0.0
20.7	2.94	0.0
21.8	2.53	0.47
21.8	3.46	1.11
25.3	6.8	5.5
25.4	7.84	9.52
21.8	3.51	1.03
21.4	3.22	1.58
22.0	2.05	0.62
20.2	3.48	0.69
22.6	2.43	0.0
21.0	2.36	0.0
21.6	2.29	0.36
22.5	2.71	0.25
26.3	7.37	5.13
25.2	7.35	7.88
20.4	3.07	0.69
21.6	3.71	0.0
21.1	3.57	0.93
22.2	2.23	1.11
25.4	7.33	4.5
25.2	7.65	7.62
23.3	2.99	0.0
21.4	3.13	1.58
21.4	2.45	0.31
21.2	3.12	1.03
20.8	2.98	1.54
21.3	2.52	0.38
21.9	2.03	0.36
20.0	2.76	0.0
26.6	7.75	3.85
27.2	7.07	6.67
21.7	3.33	0.69
22.0	3.74	1.39
22.1	3.23	1.86
21.2	3.13	0.0
26.4	6.7	3.0
26.2	7.39	1.9
22.3	2.23	0.51
21.8	2.85	1.58
22.1	3.22	1.87
21.7	2.91	0.0
23.3	3.17	1.54
23.5	2.01	0.38
22.9	2.67	0.18
22.4	2.06	0.25
25.8	7.89	11.54
27.1	6.97	7.27
22.4	2.99	0.69
21.8	3.61	0.0
22.4	3.65	1.4
22.7	3.48	0.56
26.3	6.83	7.0
26.5	7.55	5.71
22.6	3.29	1.03
22.3	2.76	2.11
22.9	2.57	0.62
23.7	3.49	1.03
22.2	2.37	1.54
21.1	1.3	0.38
21.2	1.89	0.71
22.3	1.71	0.76
26.5	7.66	15.38
27.0	7.52	9.09
23.1	3.04	2.07
23.7	3.51	0.0
23.6	3.37	0.93
24.1	3.19	2.78
26.6	7.93	6.0
26.7	8.47	4.76
22.3	3.47	1.03
23.7	2.45	1.58
23.1	3.0	1.25
22.3	3.05	0.69
23.1	2.95	1.03
23.1	2.44	0.19
22.8	2.09	0.27
23.6	1.83	0.51
27.6	7.6	7.69
25.8	8.28	3.64
21.8	3.7	1.38
23.3	4.28	2.78
24.3	3.27	1.86
23.4	3.19	0.56
26.8	7.66	5.0
26.8	7.81	4.76
23.4	2.75	0.51
23.2	3.24	0.0
24.3	3.43	1.56
24.5	2.86	0.69
24.9	2.36	1.54
23.5	2.1	0.95
21.5	1.93	0.54
23.3	2.59	1.01
26.4	8.39	15.38
26.4	8.11	3.03
23.0	2.97	1.38
23.0	4.07	0.0
22.8	3.17	0.93
23.3	2.63	3.33
26.0	8.24	5.5
26.9	8.72	5.71
24.1	2.6	1.03
23.5	2.96	3.16
23.6	2.47	1.56
23.6	2.57	2.76
24.7	2.51	3.08
25.4	2.62	0.38
24.0	1.33	0.89
23.9	1.45	0.25
27.4	8.69	10.26
26.5	9.11	7.88
25.0	2.15	1.38
24.4	3.21	2.78
24.6	3.15	0.93
24.1	2.9	1.11
27.8	8.62	6.0
27.3	9.07	5.71
25.0	2.81	2.05
24.0	2.63	0.53
23.4	3.21	1.25
25.1	2.84	2.76
24.2	3.48	4.62
24.5	2.97	0.57
25.5	3.02	0.62
25.7	2.08	0.51
26.9	9.22	2.56
26.7	8.92	8.48
24.4	2.83	2.07
25.9	3.56	2.78
25.2	4.07	2.79
24.2	3.21	1.11
26.7	8.68	11.5
26.8	9.67	8.57
24.4	2.84	3.08
25.7	3.66	2.63
26.0	2.63	4.06
25.9	2.78	1.03
25.3	3.52	2.56
24.3	2.13	0.57
24.9	2.76	1.07
24.5	2.52	1.01
26.5	9.82	10.26
26.9	8.74	9.7
25.3	2.79	6.21
25.5	3.67	8.33
25.9	3.6	2.33
25.0	3.53	2.22
27.4	8.57	6.5
27.6	9.69	9.52
27.1	3.04	2.56
25.5	3.46	4.74
26.2	3.29	2.19
26.0	3.47	1.72
24.9	3.72	3.59
25.0	3.07	0.76
25.8	3.03	1.25
26.1	2.08	1.27
27.8	9.02	21.79
27.5	8.98	7.88
25.1	3.32	2.76
26.0	4.25	4.17
26.2	4.04	5.12
26.1	3.37	4.44
27.8	9.96	14.0
27.3	10.69	11.43
26.0	3.74	2.05
26.4	3.26	4.74
24.7	2.46	4.38
26.4	4.17	3.45
26.6	3.94	5.64
26.2	2.57	1.14
25.2	3.32	1.07
26.4	2.57	1.52
27.0	9.57	15.38
27.8	9.82	12.73
25.5	3.11	4.83
25.6	4.22	4.17
24.9	3.72	5.12
24.9	3.54	4.44
26.8	9.68	12.0
27.8	10.87	19.05
26.3	4.49	4.1
25.7	3.81	4.74
27.5	3.88	4.38
26.4	5.12	3.45
26.6	4.42	4.1
27.0	2.62	0.76
26.8	4.11	1.61
27.1	3.89	1.01
26.9	11.06	10.26
27.5	10.26	10.3
26.5	4.04	4.14
27.7	5.07	9.72
26.9	4.89	7.44
27.3	4.52	6.11
26.9	10.45	10.0
28.4	10.92	11.43
26.6	4.78	4.1
27.2	4.59	3.16
27.1	3.69	3.44
25.5	4.86	5.52
27.5	4.19	7.18
26.9	3.06	0.0
28.1	4.05	1.34
26.8	3.58	1.27
28.2	10.94	17.95
27.7	11.31	9.09
26.2	4.15	5.52
27.4	4.96	9.72
26.7	5.23	6.51
26.4	5.46	8.89
28.5	10.55	15.5
27.8	11.06	12.38
28.1	4.37	5.13
27.1	5.23	8.42
27.3	4.92	6.56
27.1	5.67	9.31
26.2	4.19	6.15
28.2	3.86	1.71
27.4	3.61	1.61
27.8	4.25	1.52
27.7	9.74	16.67
27.7	11.35	14.55
27.6	5.01	7.59
27.1	5.47	5.56
28.1	6.17	6.51
27.1	4.66	6.11
27.5	10.95	15.0
27.1	11.6	18.1
28.0	5.01	7.18
27.3	4.3	8.95
28.0	6.04	7.81
28.5	5.69	10.69
27.3	6.27	7.69
28.0	4.32	1.52
28.5	4.76	3.75
28.2	3.91	2.03
28.0	10.53	28.21
27.7	10.6	13.33
28.6	5.25	4.14
28.2	5.27	6.94
27.9	5.35	10.7
28.9	5.69	10.56
28.3	10.7	17.0
28.2	10.41	17.14
26.8	5.08	12.31
28.0	5.02	8.42
27.6	6.61	10.62
27.4	5.0	9.66
28.9	6.01	11.28
27.3	4.2	3.43
27.3	5.22	2.5
28.6	4.56	2.53
29.1	9.54	14.1
27.8	9.2	15.76
27.7	5.07	12.41
29.0	3.96	9.72
28.9	4.85	15.35
27.4	5.81	14.44
27.7	9.46	20.0
29.5	9.02	14.29
27.8	5.95	9.74
27.2	5.5	12.11
28.9	5.92	9.38
28.4	5.25	11.38
27.8	6.03	16.41
28.0	5.9	3.05
27.5	5.46	3.66
28.5	5.29	3.8
28.7	8.72	11.54
27.1	8.33	9.09
29.8	5.92	17.93
27.8	3.78	6.94
28.4	4.37	7.91
28.8	4.57	9.44
28.1	8.7	14.5
27.4	8.21	14.29
28.1	6.93	10.77
28.1	4.5	11.05
29.1	5.35	6.25
28.8	5.16	11.72
28.2	4.86	9.74
29.0	6.53	3.24
27.6	6.11	4.64
30.5	6.31	6.08
27.5	8.67	23.08
29.1	8.57	10.91
29.4	5.08	11.72
28.4	4.47	16.67
28.9	4.66	13.49
28.3	4.37	11.67
28.5	8.56	14.5
28.4	7.91	15.24
28.3	5.92	8.72
29.3	4.17	11.05
28.3	4.97	11.25
28.2	5.01	11.03
28.4	4.38	7.69
28.5	6.91	4.95
28.3	6.24	5.09
28.2	5.84	3.8
26.8	8.91	14.1
28.4	8.19	13.94
29.6	5.83	11.72
30.0	4.02	16.67
29.7	5.18	18.14
27.7	4.55	10.56
28.5	8.19	14.0
28.9	8.25	17.14
27.8	4.86	11.28
28.1	4.93	8.42
28.3	5.16	8.75
28.9	4.94	14.14
28.5	5.26	12.31
28.8	7.29	4.57
29.3	6.13	3.75
29.7	7.4	4.56
29.0	9.11	19.23
27.9	8.45	13.94
28.1	5.85	16.55
29.2	4.16	9.72
28.2	5.0	16.74
29.6	5.24	15.0
28.3	9.25	20.5
28.1	9.15	22.86
28.1	4.65	11.28
28.9	5.28	12.11
28.4	5.19	11.25
28.0	4.98	8.97
28.6	4.36	16.92
28.5	7.56	4.95
29.0	6.88	4.46
29.9	7.73	7.59
28.3	8.87	19.23
28.1	8.13	12.12
29.8	5.99	17.24
27.8	5.41	20.83
29.6	5.32	21.86
29.2	5.04	13.89
28.4	9.39	15.0
28.7	8.58	12.38
29.4	5.99	14.36
28.1	5.38	12.63
28.9	4.97	10.31
27.4	5.34	14.48
28.5	5.29	12.82
27.4	7.76	5.9
29.3	6.56	6.07
28.7	7.85	6.08
28.8	9.48	17.95
27.9	8.31	13.33
29.1	6.11	19.31
27.7	5.29	13.89
29.8	4.94	19.53
29.0	5.43	18.33
28.7	9.27	19.5
28.0	8.96	19.05
28.6	5.51	14.36
28.1	5.49	10.53
28.3	4.4	11.56
29.1	5.18	14.48
28.8	5.36	14.87
29.4	8.64	4.57
27.7	6.71	6.34
28.8	8.06	7.34
27.7	9.24	28.21
28.7	8.22	13.33
30.2	6.52	14.48
27.4	5.54	20.83
28.2	6.05	18.6
29.1	5.36	20.56
28.2	9.57	21.0
29.1	8.87	20.95
28.5	5.68	11.28
28.3	5.36	13.16
28.2	5.4	9.69
28.1	5.09	14.48
28.0	5.47	19.49
28.7	7.96	6.86
27.2	6.51	7.86
28.3	7.31	5.82
28.7	9.64	23.08
28.4	7.9	13.94
29.5	5.87	13.79
28.7	5.97	22.22
26.8	6.16	30.7
27.8	5.55	14.44
27.8	8.98	19.5
28.1	8.84	16.19
28.4	6.05	16.41
28.4	6.03	17.89
27.2	5.47	14.06
26.7	5.6	14.83
28.7	5.92	16.41
27.6	6.89	6.48
28.1	7.01	7.05
28.4	7.39	7.09
27.2	10.5	21.79
27.8	8.84	14.55
26.4	5.73	20.69
27.2	5.01	23.61
29.3	5.98	20.93
28.7	5.17	21.67
27.9	9.31	19.5
27.9	9.47	19.05
27.9	5.5	16.41
27.3	5.83	13.16
27.3	5.89	12.81
27.3	4.89	16.55
28.0	5.92	13.33
28.6	7.22	6.48
27.7	7.4	6.16
27.5	8.1	7.59
27.4	9.96	19.23
28.1	9.02	16.97
27.7	5.66	20.0
27.3	5.34	13.89
27.2	6.07	20.93
27.4	4.73	14.44
27.5	9.31	19.0
28.9	9.29	23.81
26.3	5.38	13.33
27.5	6.04	10.53
28.3	5.14	13.44
27.8	5.1	15.17
26.6	5.58	16.92
27.9	6.96	5.9
28.1	8.01	7.32
26.9	7.69	7.34
26.7	9.57	25.64
27.1	8.63	12.73
27.7	5.37	17.93
27.4	4.98	15.28
27.2	4.98	10.7
26.6	5.65	17.78
28.6	9.08	24.5
28.5	9.27	20.0
27.1	5.25	13.85
27.1	5.53	9.47
26.1	5.12	9.69
27.3	4.37	14.83
25.8	4.81	16.41
26.5	7.09	5.52
26.8	7.1	6.07
26.6	7.41	6.33
27.5	9.1	21.79
28.1	9.01	10.91
26.8	5.47	14.48
27.1	4.86	15.28
25.7	4.9	17.67
26.6	5.35	16.67
27.8	8.57	18.0
27.2	9.2	22.86
27.3	5.41	14.36
26.6	5.04	14.74
26.6	5.1	10.0
26.7	4.37	9.66
25.9	4.52	16.41
26.2	8.05	5.33
26.5	6.4	6.25
26.2	7.11	4.81
27.9	9.12	26.92
26.6	8.99	10.91
26.9	5.01	17.93
26.7	5.4	11.11
27.3	5.33	21.4
27.1	4.76	13.89
27.6	8.57	17.5
26.4	9.41	27.62
26.6	5.35	10.77
26.6	5.03	10.53
24.4	4.84	9.69
27.3	4.04	12.07
26.3	4.67	13.33
27.4	6.54	5.9
26.3	7.14	5.98
26.9	7.14	4.3
28.0	8.27	16.67
27.8	8.02	14.55
25.2	4.73	20.0
26.6	5.21	11.11
25.5	4.81	23.26
25.8	4.53	15.0
27.7	8.46	15.5
27.6	9.44	17.14
25.3	4.61	12.82
24.9	4.36	7.89
26.2	3.74	11.56
26.7	4.29	11.03
26.5	4.4	10.77
26.3	6.79	5.14
23.3	7.37	5.18
25.2	5.73	4.56
27.2	8.54	19.23
25.8	7.78	12.73
24.5	4.13	15.86
26.4	4.62	15.28
26.0	4.52	13.02
26.4	4.09	18.89
27.5	7.94	16.5
28.1	8.29	18.1
23.8	4.5	12.82
24.5	4.12	5.79
24.7	3.76	8.44
25.8	4.42	6.9
24.6	4.34	10.77
25.1	6.28	4.19
23.7	6.26	4.02
24.9	5.72	4.05
26.8	8.03	21.79
27.7	8.28	14.55
24.7	4.07	14.48
23.5	4.2	9.72
24.8	5.07	7.44
24.8	4.58	17.78
27.3	8.47	14.5
26.3	9.32	16.19
26.3	4.24	9.23
24.8	3.96	4.74
23.9	4.12	6.56
24.3	4.06	8.97
24.5	4.27	13.33
24.6	5.48	2.86
25.6	5.4	4.2
24.9	5.28	3.54
27.2	8.04	10.26
26.7	7.78	15.76
23.2	3.69	10.34
23.9	4.98	22.22
24.5	4.06	13.95
24.5	3.84	11.11
27.5	8.42	16.0
26.6	8.32	20.95
23.6	4.29	9.23
23.6	3.55	4.74
22.8	4.18	8.44
23.2	3.9	12.76
22.9	4.31	6.67
23.5	5.38	3.24
23.5	5.12	3.75
25.2	4.57	2.53
26.0	7.63	16.67
26.7	7.81	10.91
23.0	2.9	7.59
23.9	3.59	12.5
23.4	4.23	9.77
22.8	3.56	10.0
27.9	8.04	15.5
26.9	8.05	20.95
22.1	3.42	5.64
24.6	3.87	8.95
23.0	3.33	6.56
23.3	3.52	8.28
23.9	4.28	11.28
23.1	4.37	2.48
21.7	4.52	2.5
23.4	4.01	2.53
24.7	7.51	16.67
26.7	7.88	10.3
22.8	2.94	5.52
24.0	4.13	15.28
22.8	3.62	7.44
23.0	3.19	6.67
26.9	7.52	10.0
26.0	7.97	13.33
23.6	3.74	8.72
22.5	3.38	6.32
23.1	3.69	7.5
22.4	3.7	5.52
23.1	3.94	6.15
24.8	3.59	1.52
21.3	4.22	2.23
22.5	4.08	2.28
26.3	8.29	23.08
26.6	7.48	10.91
23.5	2.62	10.34
23.4	3.62	8.33
22.0	3.33	10.7
21.6	3.32	13.33
25.8	7.44	13.0
26.2	7.03	14.29
21.5	3.75	6.67
20.8	3.84	8.95
22.3	3.39	7.5
22.1	2.59	5.52
22.9	3.05	5.64
23.1	2.66	1.71
22.0	3.46	1.87
23.1	3.89	2.03
26.0	6.97	14.1
26.8	6.76	12.73
22.5	3.43	6.21
22.7	2.88	0.0
23.2	3.23	12.56
22.3	3.17	11.67
26.4	7.07	9.0
26.3	7.22	7.62
21.9	3.67	8.21
22.1	3.51	6.32
20.6	3.15	5.0
22.0	3.34	6.55
22.5	3.12	6.15
21.2	2.49	1.9
21.4	3.55	1.52
21.7	3.61	1.77
26.9	6.49	6.41
26.0	6.52	10.3
22.5	3.58	8.28
21.8	2.48	5.56
21.6	3.07	5.12
22.0	3.61	9.44
25.9	6.92	6.5
26.5	6.8	6.67
21.2	3.06	7.69
21.5	4.16	4.74
21.3	2.84	4.06
22.2	3.74	6.55
20.8	3.59	8.21
21.4	1.99	1.14
21.9	2.74	1.7
21.0	3.22	1.52
25.3	5.74	8.97
25.5	7.33	9.7
21.9	3.35	5.52
20.9	2.77	2.78
21.2	3.41	11.63
21.8	3.41	9.44
25.9	7.09	10.0
26.2	6.99	10.48
20.9	3.01	5.64
21.8	3.43	4.74
20.5	3.06	4.06
20.0	2.83	4.83
20.0	3.33	7.18
20.7	2.11	1.14
19.6	2.84	0.71
20.2	2.36	1.27
25.2	5.99	8.97
26.8	7.19	7.27
20.4	3.06	5.52
21.7	3.13	11.11
22.4	3.88	4.19
21.2	3.98	6.11
26.2	7.12	12.5
25.1	7.07	12.38
21.0	3.21	2.56
20.5	3.02	4.21
20.5	3.36	2.81
21.1	2.73	4.48
20.3	2.44	6.15
20.2	1.7	0.38
19.6	2.58	0.98
21.4	2.56	1.52
24.6	6.21	7.69
24.4	7.18	8.48
20.9	4.23	4.83
21.4	3.93	6.94
20.9	3.31	6.98
21.1	3.95	2.78
25.7	6.53	7.5
25.3	7.06	9.52
21.0	4.08	5.64
19.3	2.9	6.32
20.9	3.05	3.12
20.0	2.48	2.07
20.8	2.63	4.62
20.2	1.35	2.1
20.8	3.11	0.98
21.8	2.28	1.27
26.3	6.01	5.13
25.3	6.79	7.27
20.3	3.24	3.45
21.2	3.54	5.56
20.0	3.53	2.79
19.6	3.73	4.44
25.7	6.1	9.5
25.9	6.58	5.71
21.1	3.0	4.62
19.2	1.82	2.63
19.8	2.78	0.62
20.0	2.55	3.1
21.0	3.43	5.64
19.5	2.5	1.14
20.6	2.35	1.07
20.9	2.04	0.76
25.8	6.2	5.13
26.1	6.82	8.48
18.3	3.81	3.45
18.7	2.85	2.78
20.0	3.61	5.12
21.3	3.61	2.22
25.7	6.99	6.0
25.3	6.09	4.76
19.7	2.1	2.56
20.2	2.6	3.16
19.6	2.87	3.12
20.3	2.45	1.03
20.0	2.53	2.56
21.7	2.47	1.33
19.6	2.71	0.89
21.4	2.71	0.76
26.4	6.24	11.54
25.2	7.57	7.27
19.9	3.85	2.07
20.1	3.42	4.17
20.2	4.42	4.19
18.6	3.72	3.33
24.3	7.18	6.0
25.4	5.9	11.43
19.1	2.96	2.56
19.6	3.01	3.68
20.0	2.63	3.12
19.2	3.19	2.41
20.0	2.71	4.1
20.6	2.59	1.14
20.9	3.53	1.25
19.0	2.27	0.76
25.2	5.17	5.13
25.5	8.01	6.06
19.5	3.8	0.69
19.8	3.47	4.17
19.9	3.57	3.72
18.3	3.5	3.89
25.2	7.5	8.0
24.8	5.69	9.52
19.9	3.39	2.56
19.8	2.68	2.11
20.2	1.83	2.5
20.6	2.82	1.72
18.9	2.58	3.08
18.3	2.63	0.38
20.8	2.98	0.8
19.8	2.07	0.25
25.8	5.04	3.85
27.3	8.09	7.27
19.5	3.12	2.07
19.0	3.52	1.39
19.2	3.03	3.72
19.4	2.67	3.33
24.4	6.7	6.5
25.4	6.65	7.62
20.0	3.53	2.05
20.0	2.98	1.58
20.0	1.77	0.62
19.9	2.49	1.38
20.2	3.36	0.51
19.8	2.14	0.38
19.9	2.34	0.98
19.8	1.98	0.51
24.6	4.89	10.26
25.1	8.15	8.48
20.7	3.39	0.69
20.0	4.29	2.78
19.8	3.4	2.33
20.6	2.06	1.11
25.9	6.35	6.5
25.1	6.84	6.67
21.0	2.97	1.03
20.9	2.7	1.58
19.8	2.38	1.56
20.8	1.3	1.38
19.9	3.07	1.03
18.8	2.4	0.57
21.4	0.9	0.27
19.4	1.57	0.25
25.8	5.84	12.82
25.5	8.22	7.27
20.3	2.71	1.38
19.0	4.24	0.0
22.1	2.34	0.93
20.0	2.8	2.78
25.2	6.27	7.5
24.7	7.36	6.67
20.0	3.1	1.54
21.0	2.62	0.53
20.3	2.45	0.62
20.6	1.25	2.41
19.8	3.09	1.54
20.2	2.52	0.19
20.3	1.71	0.54
20.6	2.72	0.25
25.9	5.43	6.41
25.2	7.94	6.06
21.1	3.0	2.07
18.8	4.29	1.39
19.9	3.14	1.4
20.4	3.33	0.56
26.6	6.19	4.5
24.9	6.45	4.76
20.9	3.78	0.51
20.8	2.55	0.53
20.9	3.64	1.87
20.0	3.41	0.0
20.8	3.71	2.05
20.3	1.51	0.38
18.9	2.07	0.36
19.5	1.71	0.25
25.6	6.28	14.1
25.8	6.74	6.06
19.9	2.87	1.38
19.1	3.67	1.39
20.2	3.39	0.93
18.4	3.18	1.11
26.4	6.25	6.5
25.4	6.84	7.62
20.5	3.24	1.03
21.2	2.34	0.53
20.8	2.54	0.62
20.6	2.63	1.38
19.3	2.79	2.05
20.8	2.16	0.57
20.7	2.39	0.54
19.1	2.14	0.0
27.2	6.76	5.13
25.3	7.85	9.7
19.4	3.18	0.0
21.1	3.32	2.78
20.3	3.45	0.47
20.6	3.1	1.11
25.4	6.58	5.5
26.6	7.26	5.71
21.1	2.54	1.03
21.8	2.09	0.0
20.3	2.58	0.62
20.1	2.05	1.03
21.5	2.63	0.0
20.7	2.52	0.76
20.3	2.55	0.27
22.0	2.2	0.0
25.5	6.92	8.97
26.3	7.29	4.85
21.2	2.81	0.0
21.5	2.66	0.0
20.5	3.62	0.0
22.5	3.59	1.11
26.1	6.96	6.0
25.4	6.88	6.67
21.9	1.83	0.51
21.3	1.92	0.53
21.1	2.59	0.94
21.6	2.86	0.69
22.4	2.89	1.54
21.5	2.28	0.19
21.1	2.37	0.62
21.9	1.62	0.51
25.7	6.73	7.69
26.4	7.39	4.85
21.1	2.72	0.69
19.4	2.81	0.0
21.0	3.67	0.47
20.6	2.91	0.56
25.8	6.93	7.5
25.4	6.17	11.43
22.4	2.67	0.51
21.3	2.49	0.0
22.4	2.72	0.94
22.7	2.58	0.69
22.7	3.08	1.54
21.3	1.83	0.57
22.2	2.35	0.09
21.8	2.0	0.25
25.6	7.99	5.13
26.2	7.28	3.03
21.8	3.09	2.07
21.2	3.88	2.78
21.3	3.84	0.93
23.1	2.95	1.67
26.4	7.85	9.0
26.3	6.26	8.57
23.2	2.34	0.51
22.9	2.66	1.05
22.7	2.79	1.56
23.6	2.22	0.69
21.7	3.12	1.03
21.2	1.82	0.38
22.3	2.59	0.54
23.1	2.58	0.25
26.5	7.91	14.1
27.1	7.03	6.67
22.1	3.89	0.69
21.8	3.84	2.78
22.6	2.87	0.47
22.2	3.64	0.56
26.8	7.7	8.0
27.4	6.55	9.52
24.2	2.43	1.03
23.3	2.86	1.58
22.1	1.79	0.31
22.9	3.03	1.03
22.4	3.34	2.56
23.3	2.38	0.0
22.4	2.61	0.71
23.2	3.69	0.25
26.7	7.22	6.41
25.6	8.28	3.03
21.2	2.69	0.69
22.7	3.29	1.39
21.6	2.53	1.86
22.1	3.06	2.22
26.0	8.0	7.5
25.0	7.4	8.57
23.5	2.88	1.03
22.9	3.37	2.11
22.4	2.45	0.94
21.8	2.62	0.69
23.4	3.09	1.03
23.2	1.7	0.76
22.6	2.49	0.62
23.5	2.28	0.25
26.7	8.32	15.38
25.5	8.98	7.27
22.7	2.15	2.07
23.2	3.26	1.39
22.8	3.41	1.86
24.0	3.02	1.67
26.4	8.36	10.0
26.3	8.25	5.71
23.6	3.28	2.05
24.7	2.54	2.63
23.5	3.17	1.87
23.7	2.78	2.07
22.7	3.25	1.03
23.1	2.27	0.19
23.2	3.31	0.71
23.6	2.68	0.0
26.0	6.64	3.85
26.8	7.75	10.91
22.5	2.85	0.69
25.1	3.3	1.39
22.2	2.95	3.26
23.2	3.28	1.67
26.9	7.69	9.5
26.3	8.63	10.48
22.4	3.48	3.08
23.6	2.29	2.11
23.7	2.65	1.56
24.7	2.67	2.76
23.7	2.83	0.51
24.2	2.29	0.76
23.1	2.31	1.61
24.0	2.28	0.25
27.1	5.66	5.13
26.8	8.54	6.67
25.2	3.47	1.38
26.3	3.66	4.17
23.5	3.34	2.33
25.2	3.01	1.67
27.2	9.17	14.5
28.0	8.39	6.67
25.6	3.01	4.62
25.4	2.54	1.05
24.1	2.77	1.56
24.0	3.24	1.38
24.4	3.18	2.56
24.8	2.18	0.95
24.1	2.76	0.89
25.1	1.66	1.27
26.4	6.17	10.26
26.1	7.83	7.88
24.6	2.95	1.38
26.6	2.98	4.17
24.7	3.98	2.79
25.9	3.66	1.67
27.0	9.14	12.0
27.8	9.1	8.57
26.5	3.08	3.08
25.7	2.88	3.16
25.3	2.69	1.87
24.1	3.57	2.41
25.7	3.14	4.62
24.2	2.04	0.38
25.5	3.15	1.34
25.4	2.39	1.52
27.0	6.42	2.56
26.3	9.2	6.06
24.6	2.09	0.69
23.2	3.01	2.78
25.8	3.33	4.65
26.0	3.87	5.0
27.7	6.6	6.5
27.4	6.71	6.67
26.2	3.26	2.56
25.3	3.14	1.58
25.7	2.88	1.56
25.7	3.42	2.07
25.6	3.28	4.1
26.9	2.37	0.76
23.8	2.66	1.52
25.5	2.28	0.76
26.3	6.45	7.69
26.5	8.68	12.73
26.1	2.94	4.83
25.0	2.85	5.56
25.7	4.05	5.12
26.0	2.99	5.0
28.6	7.01	10.5
27.6	6.23	9.52
26.0	3.61	4.62
27.0	3.95	4.21
26.1	2.71	2.5
25.7	4.11	3.45
25.7	2.76	7.18
25.7	1.68	0.95
27.4	2.36	1.7
25.8	1.68	1.01
27.6	7.03	5.13
26.6	9.0	9.09
26.3	4.84	4.14
26.6	3.84	2.78
27.3	4.23	5.12
26.6	3.62	2.22
27.3	7.29	7.0
27.0	8.06	6.67
27.1	4.43	5.13
26.9	5.08	3.68
25.7	3.34	3.75
25.7	4.31	4.14
27.2	3.74	4.1
26.3	3.63	1.33
27.0	2.9	1.34
26.6	3.47	0.25
28.3	7.12	11.54
27.7	9.2	10.3
26.8	4.64	2.76
27.0	4.17	9.72
26.3	4.76	7.44
27.5	5.56	9.44
27.8	7.34	11.0
27.8	8.04	7.62
27.8	4.47	7.69
27.0	5.15	7.37
27.4	4.14	5.31
27.4	3.45	6.9
27.0	5.65	7.18
26.8	3.88	1.71
28.1	4.03	2.14
27.4	3.43	1.01
27.2	7.5	17.95
28.6	9.89	7.88
26.8	5.45	6.9
27.0	4.44	12.5
25.5	4.8	9.77
26.8	5.12	10.0
27.7	7.86	9.5
27.9	7.55	14.29
26.0	5.02	10.77
27.6	6.35	7.37
27.0	4.35	8.75
27.5	4.48	5.17
27.0	5.11	9.74
26.5	4.4	1.52
28.1	4.55	2.32
27.8	4.72	1.01
28.1	7.7	15.38
28.0	8.07	13.33
28.7	5.91	8.28
27.3	4.05	4.17
28.2	5.14	16.28
28.3	5.27	6.67
28.4	7.36	11.5
27.9	7.72	10.48
